10,258
10,12
10,32
10,160
10,254
10,106
10,274
11,26
11,18
11,22
8,11
624,5
624,4
624,3
624,1
20,2
12,3
20,1
12,2
20,3
12,1
11,28
11,25
11,24
11,23
19,2
11,20
19,1
11,17
19,3
11,16
11,15
11,14
11,11
11,8
11,4
11,3
11,2
11,1
10,309
10,265
10,246
10,229
10,227
10,223
10,220
10,176
10,164
10,154
10,145
10,139
10,126
10,119
10,84
10,77
10,74
10,69
10,19
10,13
10,3
10,2
10,1
9,7
9,6
9,5
9,4
9,3
9,2
9,1
8,18
8,17
8,16
18,1
8,15
18,3
8,14
8,13
14,1
8,12
14,3
8,10
13,1
8,9
13,3
8,7
8,5
8,4
8,3
8,2
8,1
3,3
3,2
3,1
2,2
2,3
2,1
0,472
0,386
0,278
0,273
0,270
0,9
0,0
634,34
634,33
634,32
634,31
634,30
